00022 00022 00022 00022 00024 00029 00062 00080 00113 00120 00107 00056
00022 00028 00097 00168 00202 00215 00216 00192 00203 00179 00132 00066
00022 00029 00114 00185 00209 00182 00145 00061 00000 00000 00000 00000
00022 00022 00000 00000 00000 00000 00000 00000 00000 00000 00013 00022
00022 00022 00012 00000 00000 00000 00048 00047 00014 00022 00022 00022
00022 00022 00022 00022 00000 00000 00106 00140 00113 00037 00022 00022
00022 00022 00022 00022 00018 00000 00000 00080 00112 00099 00026 00022
00022 00022 00022 00022 00046 00090 00086 00037 00006 00048 00024 00022
00022 00022 00033 00106 00167 00182 00182 00049 00000 00000 00022 00022
00051 00127 00181 00193 00179 00116 00000 00000 00000 00000 00022 00022
00092 00154 00181 00116 00000 00000 00000 00000 00022 00022 00022 00022
00007 00000 00000 00000 00000 00000 00020 00022 00022 00022 00022 00022
