00005 00005 00005 00005 00005 00005 00005 00005 00005 00005 00005 00005 00005 00005 00005 00005 00005 00005 00005 00005 00005 00005 00005 00005
00005 00005 00005 00005 00005 00005 00005 00005 00006 00008 00008 00007 00020 00022 00026 00000 00012 00024 00032 00007 -00018 -00019 -00008 00003
00005 00005 00005 00005 00009 00010 00017 00023 00026 00039 00039 00037 00084 00115 00144 00078 00122 00191 00213 00147 00043 00002 -00003 00001
00005 00005 00005 00011 00051 00065 00092 00123 00148 00209 00241 00255 00300 00359 00387 00332 00356 00426 00490 00407 00243 00106 00033 00011
00005 00005 00005 00032 00176 00260 00317 00367 00421 00493 00552 00593 00636 00683 00604 00534 00502 00544 00569 00504 00348 00177 00065 00014
00005 00005 00005 00032 00248 00462 00594 00688 00735 00783 00772 00778 00848 00909 00744 00569 00466 00441 00451 00393 00275 00147 00056 00017
00005 00005 00005 00020 00197 00466 00651 00853 00953 00948 00824 00740 00748 00841 00699 00486 00329 00242 00215 00170 00114 00058 00024 00010
00005 00005 00005 00014 00114 00310 00476 00714 00919 00910 00711 00524 00430 00480 00439 00315 00169 00083 00046 00033 00022 00011 00008 00005
00005 00005 00005 00007 00047 00131 00220 00416 00717 00815 00613 00360 00211 00180 00179 00135 00076 00029 00005 00005 00005 00005 00005 00005
00005 00005 00005 00005 00014 00038 00063 00175 00476 00745 00617 00358 00120 00035 00019 00028 00014 00017 00005 00005 00005 00005 00005 00005
00005 00005 00005 00005 00005 00007 00007 00054 00243 00580 00691 00527 00308 00086 00000 -00018 -00010 00001 00005 00005 00005 00005 00005 00005
00005 00005 00005 00005 00005 00005 00005 00023 00106 00353 00615 00706 00619 00394 00160 00030 -00011 -00012 00000 00005 00005 00005 00005 00005
00005 00005 00005 00005 00005 00005 00005 00006 00035 00150 00375 00615 00764 00728 00510 00243 00053 -00007 -00013 00001 00005 00005 00005 00005
00005 00005 00005 00005 00005 00005 00005 00005 00009 00053 00161 00357 00578 00811 00788 00585 00249 00057 -00003 -00006 00004 00005 00005 00005
00005 00005 00005 00005 00005 00005 00005 00005 00005 00015 00059 00159 00313 00622 00814 00797 00500 00209 00048 00011 00004 00005 00005 00005
00005 00005 00005 00005 00005 00005 00005 00005 00010 00025 00064 00143 00243 00484 00728 00840 00615 00340 00130 00029 00009 00005 00005 00005
00005 00005 00005 00005 00005 00005 00008 00020 00054 00120 00201 00292 00398 00564 00740 00818 00638 00382 00165 00054 00008 00005 00005 00005
00005 00005 00005 00005 00008 00014 00045 00100 00188 00289 00415 00542 00635 00718 00755 00745 00575 00346 00148 00047 00010 00005 00005 00005
00005 00005 00007 00027 00046 00075 00158 00259 00384 00523 00644 00727 00757 00743 00681 00564 00389 00225 00095 00028 00005 00005 00005 00005
00012 00028 00044 00123 00186 00252 00358 00493 00625 00706 00746 00747 00691 00579 00451 00327 00203 00101 00036 00019 00005 00005 00005 00005
00050 00139 00207 00302 00409 00514 00619 00720 00771 00754 00692 00578 00452 00332 00217 00119 00054 00024 00011 00005 00005 00005 00005 00005
00093 00258 00407 00548 00649 00700 00774 00770 00734 00624 00479 00342 00222 00121 00056 00025 00011 00005 00005 00005 00005 00005 00005 00005
00065 00218 00399 00552 00648 00674 00650 00590 00494 00369 00250 00137 00059 00026 00012 00006 00005 00005 00005 00005 00005 00005 00005 00005
00035 00123 00236 00342 00394 00389 00356 00304 00226 00151 00074 00033 00016 00006 00005 00005 00005 00005 00005 00005 00005 00005 00005 00005
