00005 00005 00005 00005 00008 00008 00022 00026 00024 00032 00005 00005
00005 00011 00065 00123 00209 00255 00359 00387 00426 00490 00243 00033
00005 00032 00462 00688 00783 00778 00909 00744 00544 00569 00348 00065
00005 00020 00466 00853 00953 00824 00841 00699 00329 00215 00114 00024
00005 00007 00131 00416 00815 00617 00211 00179 00076 00005 00005 00005
00005 00005 00007 00054 00580 00706 00619 00160 00001 00005 00005 00005
00005 00005 00005 00006 00150 00615 00811 00788 00249 00001 00005 00005
00005 00005 00005 00005 00025 00159 00622 00840 00615 00130 00009 00005
00005 00005 00014 00100 00289 00542 00718 00818 00638 00165 00010 00005
00028 00123 00252 00493 00706 00747 00757 00681 00389 00095 00005 00005
00258 00548 00700 00774 00771 00692 00452 00217 00054 00011 00005 00005
00218 00552 00674 00650 00494 00250 00059 00012 00005 00005 00005 00005
