-00016 00066 00195 00286 00275 00312 00267 00143 00196 00113
-00153 00123 00323 00417 00287 00423 00283 00007 00090 00049
-00358 -00069 00239 00506 00337 00389 00325 00024 00082 00051
-00226 -00146 00120 00735 00830 00481 00345 00048 -00019 -00033
-00089 -00126 -00226 00513 00730 00659 00370 00084 -00029 -00054
-00053 -00068 -00260 -00075 00193 00533 00644 00312 00047 -00040
-00056 -00065 -00079 -00095 00075 00469 00908 00649 00134 -00052
-00032 00009 00077 00146 00231 00504 00774 00680 00115 -00059
00101 00131 00247 00305 00272 00307 00405 00369 00015 -00066
00130 00165 00179 00275 00267 00191 00192 00062 -00059 -00064
