-00092 -00566 -01116 -01317 -01252 -01209 -00980 -00522 -00478 -00459
00313 00166 -00223 -00432 -00132 -00057 00061 00496 00589 00367
00551 00981 01103 00657 00663 00960 00954 00796 00546 00342
00267 00679 01144 00663 -00142 -00386 -00189 00196 00169 00079
00054 00188 00769 00795 00344 -00655 -01150 -00810 -00206 00012
00012 00030 00315 00743 01035 00571 -00454 -00856 -00537 -00109
00009 -00023 -00112 -00187 -00097 00001 -00200 -00462 -00288 -00055
-00196 -00418 -00641 -00700 -00435 -00054 00085 00011 00105 00059
-00736 -00818 -00610 -00232 00190 00584 00728 00550 00324 00093
00160 00166 00364 00603 00798 00823 00596 00335 00138 00039
