00022 00022 00022 00022 00022 00022 00022 00022 00022 00022 00022 00022 00022 00022 00022 00022 00022 00022 00022 00022 00022 00022 00022 00022
00022 00022 00022 00022 00022 00022 00022 00022 00022 00024 00027 00029 00044 00062 00078 00080 00088 00113 00120 00119 00107 00083 00056 00031
00022 00022 00022 00022 00025 00031 00041 00062 00081 00108 00134 00148 00173 00181 00182 00167 00186 00203 00179 00159 00132 00105 00066 00031
00022 00022 00022 00028 00062 00097 00128 00168 00187 00202 00211 00215 00216 00216 00192 00156 00144 00101 00091 00061 00045 00034 00026 00026
00022 00022 00022 00029 00076 00114 00140 00185 00209 00198 00182 00168 00145 00133 00061 00036 -00024 -00073 -00114 -00102 -00114 -00099 -00051 -00006
00022 00022 00022 00021 00037 00057 00054 00066 00085 00060 00008 -00049 -00087 -00138 -00182 -00170 -00180 -00210 -00240 -00195 -00176 -00124 -00066 -00007
00022 00022 00022 00015 -00017 -00041 -00097 -00128 -00145 -00169 -00203 -00216 -00251 -00287 -00279 -00257 -00215 -00179 -00138 -00102 -00076 -00040 -00014 00014
00022 00022 00022 00014 -00043 -00097 -00156 -00190 -00226 -00221 -00220 -00203 -00228 -00252 -00212 -00178 -00150 -00089 -00011 -00001 00006 00013 00017 00022
00022 00022 00022 00020 -00014 -00060 -00093 -00139 -00166 -00163 -00147 -00148 -00101 -00126 -00076 -00065 -00048 -00042 00022 00022 00022 00022 00022 00022
00022 00022 00022 00022 00012 -00007 -00015 -00064 -00100 -00086 -00060 -00045 00009 00048 00047 00034 00014 00004 00022 00022 00022 00022 00022 00022
00022 00022 00022 00022 00022 00020 00020 -00013 -00074 -00079 -00031 -00037 00020 00106 00140 00104 00061 00033 00023 00022 00022 00022 00022 00022
00022 00022 00022 00022 00022 00022 00022 00004 -00049 -00092 -00075 -00054 -00038 00043 00134 00140 00113 00068 00037 00024 00022 00022 00022 00022
00022 00022 00022 00022 00022 00022 00022 00020 -00005 -00066 -00092 -00097 -00104 -00085 00014 00080 00111 00112 00073 00036 00022 00022 00022 00022
00022 00022 00022 00022 00022 00022 00022 00022 00018 -00019 -00072 -00115 -00154 -00132 -00096 -00020 00037 00094 00099 00055 00026 00022 00022 00022
00022 00022 00022 00022 00022 00022 00022 00022 00022 00012 -00015 -00044 -00071 -00066 -00056 -00042 -00027 00006 00042 00048 00024 00022 00022 00022
00022 00022 00022 00022 00022 00022 00022 00022 00027 00046 00075 00090 00086 00056 00037 00008 -00047 -00062 -00029 -00008 00023 00022 00022 00022
00022 00022 00022 00022 00022 00022 00025 00040 00072 00115 00149 00172 00182 00122 00049 -00047 -00084 -00137 -00104 -00054 00007 00022 00022 00022
00022 00022 00022 00022 00025 00033 00063 00106 00141 00167 00182 00172 00123 00017 -00091 -00172 -00171 -00182 -00124 -00056 00014 00022 00022 00022
00022 00022 00024 00046 00078 00110 00155 00177 00179 00170 00116 00020 -00080 -00174 -00234 -00259 -00220 -00163 -00096 -00044 00022 00022 00022 00022
00029 00051 00082 00127 00160 00181 00193 00185 00143 00039 -00068 -00160 -00233 -00272 -00270 -00227 -00156 -00091 -00037 00000 00022 00022 00022 00022
00045 00092 00127 00154 00181 00173 00116 00047 -00066 -00150 -00220 -00260 -00267 -00229 -00168 -00101 -00045 -00007 00013 00022 00022 00022 00022 00022
00033 00039 00033 00021 -00003 -00058 -00116 -00206 -00246 -00259 -00271 -00235 -00168 -00102 -00045 -00008 00012 00022 00022 00022 00022 00022 00022 00022
00007 -00019 -00047 -00118 -00190 -00242 -00276 -00293 -00275 -00250 -00183 -00120 -00058 -00009 00012 00021 00022 00022 00022 00022 00022 00022 00022 00022
00000 -00044 -00102 -00159 -00218 -00253 -00247 -00217 -00175 -00105 -00066 -00019 00005 00020 00022 00022 00022 00022 00022 00022 00022 00022 00022 00022
