-00063 -00063 -00063 -00063 -00063 -00063 -00063 -00063 -00063 -00063 -00063 -00063 -00063 -00063 -00063 -00063 -00063 -00063 -00063 -00063 -00063 -00063 -00063 -00063
-00063 -00063 -00063 -00063 -00063 -00063 -00063 -00063 -00063 -00062 -00063 -00064 -00061 -00061 -00067 -00088 -00093 -00083 -00078 -00097 -00124 -00122 -00097 -00073
-00063 -00063 -00063 -00063 -00062 -00062 -00061 -00062 -00067 -00072 -00083 -00091 -00081 -00068 -00042 -00030 00024 00046 00050 00030 00060 00064 00027 -00029
-00063 -00063 -00063 -00061 -00046 -00045 -00049 -00051 -00035 00009 00059 00102 00139 00184 00197 00197 00226 00236 00264 00239 00244 00176 00077 -00017
-00063 -00063 -00063 -00055 -00008 00029 00075 00136 00208 00236 00267 00297 00313 00337 00295 00257 00230 00204 00172 00121 00094 00039 -00001 -00044
-00063 -00063 -00063 -00058 -00004 00069 00151 00243 00343 00333 00296 00274 00272 00279 00201 00147 00049 -00037 -00159 -00169 -00180 -00164 -00118 -00085
-00063 -00063 -00063 -00064 -00047 00001 00040 00102 00186 00170 00095 00057 00004 -00039 -00105 -00113 -00126 -00146 -00244 -00220 -00197 -00153 -00109 -00076
-00063 -00063 -00063 -00070 -00103 -00122 -00153 -00152 -00107 -00068 -00086 -00079 -00144 -00210 -00224 -00203 -00170 -00117 -00122 -00108 -00095 -00080 -00071 -00063
-00063 -00063 -00063 -00066 -00097 -00131 -00179 -00200 -00175 -00108 -00100 -00073 -00103 -00186 -00214 -00192 -00157 -00103 -00063 -00063 -00063 -00063 -00063 -00063
-00063 -00063 -00063 -00063 -00074 -00094 -00113 -00149 -00131 -00076 -00036 -00009 00030 -00044 -00115 -00126 -00104 -00093 -00063 -00063 -00063 -00063 -00063 -00063
-00063 -00063 -00063 -00063 -00063 -00065 -00065 -00090 -00109 -00062 -00006 00030 00098 00123 00022 -00040 -00065 -00075 -00065 -00063 -00063 -00063 -00063 -00063
-00063 -00063 -00063 -00063 -00063 -00063 -00063 -00082 -00117 -00125 -00066 -00002 00102 00213 00202 00097 00015 -00058 -00070 -00065 -00063 -00063 -00063 -00063
-00063 -00063 -00063 -00063 -00063 -00063 -00063 -00065 -00091 -00125 -00120 -00069 00002 00132 00238 00223 00139 00027 -00046 -00069 -00063 -00063 -00063 -00063
-00063 -00063 -00063 -00063 -00063 -00063 -00063 -00063 -00068 -00102 -00134 -00157 -00141 -00056 00060 00152 00158 00134 00050 -00026 -00068 -00063 -00063 -00063
-00063 -00063 -00063 -00063 -00063 -00063 -00063 -00063 -00063 -00074 -00104 -00140 -00184 -00163 -00121 -00009 00075 00168 00127 00056 -00044 -00063 -00063 -00063
-00063 -00063 -00063 -00063 -00063 -00063 -00063 -00063 -00061 -00056 -00053 -00071 -00104 -00112 -00062 00014 00046 00115 00092 00049 -00049 -00063 -00063 -00063
-00063 -00063 -00063 -00063 -00063 -00063 -00062 -00057 -00048 -00034 -00020 00011 00074 00124 00150 00135 00096 00080 00051 00006 -00060 -00063 -00063 -00063
-00063 -00063 -00063 -00063 -00062 -00060 -00050 -00037 -00022 00006 00075 00172 00244 00241 00214 00153 00092 -00018 -00070 -00074 -00076 -00063 -00063 -00063
-00063 -00063 -00062 -00055 -00050 -00052 -00042 -00016 00051 00144 00226 00243 00225 00175 00092 -00029 -00113 -00153 -00129 -00095 -00064 -00063 -00063 -00063
-00061 -00054 -00053 -00041 -00034 00000 00073 00171 00226 00229 00208 00156 00076 -00046 -00160 -00216 -00211 -00183 -00136 -00098 -00063 -00063 -00063 -00063
-00048 -00017 00005 00039 00106 00191 00245 00280 00251 00188 00109 -00008 -00142 -00217 -00223 -00195 -00155 -00114 -00078 -00063 -00063 -00063 -00063 -00063
-00039 00007 00077 00174 00277 00316 00273 00200 00097 -00012 -00122 -00199 -00212 -00195 -00156 -00114 -00079 -00064 -00063 -00063 -00063 -00063 -00063 -00063
-00058 -00034 00003 00010 00013 -00015 -00075 -00144 -00191 -00227 -00216 -00196 -00154 -00114 -00080 -00065 -00063 -00063 -00063 -00063 -00063 -00063 -00063 -00063
-00074 -00101 -00138 -00193 -00237 -00265 -00278 -00273 -00253 -00220 -00173 -00132 -00090 -00066 -00063 -00063 -00063 -00063 -00063 -00063 -00063 -00063 -00063 -00063
