00020 00113 00328 00557 00741 00898 01057 01128 01001 00644
00305 00744 01208 01407 01508 01354 01132 00861 00658 00543
00054 00231 00614 00770 00686 00482 00288 00011 -00247 -00176
-00204 -00545 -00476 -00253 -00356 -00644 -00615 -00416 -00323 -00166
-00076 -00332 -00488 -00347 00382 00641 00409 00148 00035 -00009
00000 -00029 -00296 -00466 -00006 00850 01159 00807 00283 00034
-00001 -00014 -00105 -00433 -00511 -00033 00670 00935 00573 00129
-00030 00021 00261 00650 00730 00467 00343 00414 00381 00119
00293 00702 00970 01014 00862 00526 00128 -00015 00034 00028
00852 00979 00852 00612 00257 -00187 -00485 -00394 -00145 -00014
