00000 00000 00000 00000 00000 00000 00000 00000 00000 00000 00000 00000
00000 00000 00000 00000 00009 00102 00184 00197 00236 00264 00244 00077
00000 00000 00069 00243 00343 00297 00337 00295 00230 00172 00094 00000
00000 00000 00001 00102 00186 00095 00004 00000 00000 00000 00000 00000
00000 00000 00000 00000 00000 00000 00030 00000 00000 00000 00000 00000
00000 00000 00000 00000 00000 00030 00213 00202 00015 00000 00000 00000
00000 00000 00000 00000 00000 00000 00132 00238 00158 00050 00000 00000
00000 00000 00000 00000 00000 00000 00000 00014 00168 00127 00000 00000
00000 00000 00000 00000 00006 00172 00244 00214 00096 00051 00000 00000
00000 00000 00000 00171 00229 00243 00225 00092 00000 00000 00000 00000
00007 00174 00316 00280 00251 00109 00000 00000 00000 00000 00000 00000
00000 00010 00013 00000 00000 00000 00000 00000 00000 00000 00000 00000
